image: cartographer.pgm
resolution: 0.050000
origin: [-3.723590, -6.422801, 0.000000]
negate: 0
occupied_thresh: 0.65
free_thresh: 0.196

